1480941392 29 1515
1480941401 33 1466
1480941405 33 1371
1480941412 31 1358
1480941413 29 1423
1480941416 27 1444
1480941420 27 1505
1480941421 31 1430
1480941424 35 1445
1480941426 39 1544
1480941426 43 1507
1480941429 44 1574
1480941435 44 1634
1480941438 40 1688
1480941440 40 1754
1480941447 40 1674
1480941455 36 1679
1480941456 33 1705
1480941463 32 1688
1480941465 32 1742
1480941468 32 1790
1480941474 32 1784
1480941480 29 1791
1480941486 28 1757
1480941486 25 1696
1480941494 23 1600
1480941503 22 1566
1480941509 18 1517
1480941514 17 1504
1480941522 17 1553
1480941524 14 1575
1480941526 12 1644
1480941533 9 1687
1480941539 8 1738
1480941541 7 1720
1480941542 6 1719
1480941550 4 1696
1480941554 0 1773
1480941559 -4 1696
1480941563 -8 1632
1480941568 -11 1593
1480941575 -11 1656
1480941582 -15 1569
1480941584 -17 1488
1480941589 -17 1475
1480941596 -20 1559
1480941605 -21 1540
1480941611 -23 1477
1480941614 -27 1555
1480941623 -30 1642
1480941628 -34 1664
1480941636 -37 1744
1480941640 -39 1650
1480941647 -40 1659
1480941654 -42 1665
1480941658 -43 1649
1480941658 -43 1702
1480941662 -45 1779
1480941663 -45 1736
1480941663 -49 1666
1480941672 -50 1717
1480941676 -52 1759
1480941680 -53 1678
1480941682 -56 1609
1480941683 -58 1637
1480941690 -54 1681
1480941694 -50 1713
1480941701 -47 1677
1480941705 -49 1646
1480941708 -53 1622
1480941712 -53 1641
1480941719 -57 1602
1480941728 -57 1671
1480941729 -60 1724
1480941731 -64 1711
1480941733 -68 1767
1480941741 -71 1763
1480941741 -73 1754
1480941745 -76 1682
1480941751 -78 1619
1480941755 -81 1529
1480941760 -83 1593
1480941769 -87 1678
1480941777 -87 1656
1480941780 -85 1660
1480941781 -81 1578
1480941788 -77 1486
1480941793 -77 1413
1480941800 -76 1414
1480941807 -74 1504
1480941814 -71 1529
1480941821 -67 1486
1480941824 -64 1467
1480941832 -61 1383
1480941840 -63 1328
1480941845 -66 1324
1480941848 -68 1290
1480941852 -68 1276
1480941853 -70 1300
1480941857 -71 1347
1480941861 -71 1284
1480941870 -69 1347
1480941879 -68 1385
1480941879 -67 1417
1480941888 -65 1318
1480941892 -63 1299
1480941893 -61 1327
1480941902 -60 1370
1480941909 -60 1287
1480941910 -56 1318
1480941910 -55 1339
1480941918 -53 1438
1480941919 -50 1370
1480941921 -49 1275
1480941925 -49 1372
1480941930 -50 1288
1480941936 -54 1317
1480941942 -57 1264
1480941942 -57 1363
1480941951 -59 1349
1480941951 -63 1346
1480941953 -65 1307
1480941956 -66 1292
1480941963 -69 1193
1480941967 -73 1271
1480941971 -74 1280
1480941971 -76 1376
1480941972 -76 1427
1480941973 -78 1389
1480941973 -80 1445
1480941979 -84 1477
1480941984 -87 1502
1480941993 -88 1555
1480941997 -88 1458
1480942002 -88 1365
1480942007 -92 1335
1480942011 -93 1404
1480942013 -93 1488
1480942017 -94 1400
1480942025 -97 1321
1480942031 -99 1411
1480942039 -101 1457
1480942042 -102 1491
1480942050 -100 1531
1480942051 -96 1503
1480942051 -92 1531
1480942051 -91 1555
1480942052 -88 1549
1480942058 -86 1486
1480942058 -84 1387
1480942059 -81 1310
1480942062 -79 1362
1480942071 -77 1313
1480942077 -76 1216
1480942083 -72 1279
1480942083 -70 1238
1480942091 -66 1188
1480942095 -67 1124
1480942104 -69 1087
1480942112 -71 1038
1480942121 -71 1044
1480942125 -71 1002
1480942132 -69 1038
1480942140 -72 982
1480942141 -73 1067
1480942147 -74 1134
1480942153 -78 1046
1480942161 -81 1034
1480942165 -85 1066
1480942165 -88 1122
1480942168 -92 1155
1480942177 -96 1108
1480942185 -93 1175
1480942191 -92 1180
1480942191 -88 1191
1480942196 -85 1148
1480942201 -81 1071
1480942208 -77 1105
1480942215 -81 1088
1480942216 -85 1001
1480942223 -87 1026
1480942223 -88 1015
1480942228 -89 1077
1480942231 -91 1172
1480942239 -95 1111
1480942241 -97 1125
1480942242 -99 1048
1480942249 -100 1021
1480942250 -100 1020
1480942256 -101 933
1480942256 -104 955
1480942261 -107 1035
1480942267 -110 982
1480942267 -113 1043
1480942272 -115 959
1480942278 -116 1007
1480942279 -120 984
1480942285 -121 947
1480942286 -123 897
1480942286 -127 863
1480942291 -128 782
1480942300 -129 876
1480942300 -133 820
1480942307 -137 858
1480942315 -138 890
1480942321 -142 928
1480942327 -144 945
1480942330 -145 939
1480942338 -147 992
1480942346 -147 919
1480942350 -145 852
1480942355 -143 848
1480942364 -141 805
1480942368 -140 831
1480942372 -139 885
1480942378 -139 966
1480942382 -138 1034
1480942385 -136 978
1480942394 -134 912
1480942399 -131 896
1480942401 -129 859
1480942409 -129 949
1480942415 -128 998
1480942419 -128 1085
1480942421 -124 1099
1480942430 -122 1048
1480942430 -119 1040
1480942438 -115 1109
1480942443 -112 1056
1480942452 -112 1131
1480942457 -109 1050
1480942465 -106 1149
1480942466 -102 1110
1480942466 -102 1058
1480942466 -99 1058
1480942470 -101 1105
1480942475 -105 1038
1480942482 -107 1060
1480942489 -109 1020
1480942495 -112 1026
1480942496 -115 1012
1480942498 -119 1098
1480942500 -119 1100
1480942505 -117 1093
1480942510 -115 1181
1480942517 -112 1223
1480942524 -109 1259
1480942524 -108 1249
1480942526 -108 1199
1480942530 -109 1147
1480942530 -107 1169
1480942538 -103 1107
1480942544 -100 1090
1480942553 -100 1052
1480942557 -99 964
1480942561 -99 909
1480942567 -97 973
1480942569 -95 885
1480942573 -91 792
1480942577 -87 840
1480942580 -86 902
1480942587 -84 918
1480942592 -81 885
1480942592 -77 907
1480942596 -74 842
1480942602 -72 848
1480942604 -72 781
1480942612 -68 732
1480942614 -64 664
1480942623 -61 650
1480942632 -58 573
1480942633 -58 505
1480942640 -56 600
1480942644 -54 620
1480942653 -52 570
1480942659 -49 645
1480942661 -47 580
1480942669 -45 552
1480942670 -41 523
1480942673 -41 609
1480942673 -37 624
1480942678 -37 654
1480942685 -37 577
1480942689 -36 504
1480942695 -36 458
1480942702 -38 378
1480942706 -39 447
1480942715 -43 366
1480942716 -43 294
1480942720 -47 303
1480942721 -48 363
1480942727 -51 304
1480942735 -53 375
1480942738 -54 292
1480942739 -57 247
1480942746 -59 314
1480942755 -58 377
1480942756 -58 307
1480942756 -54 272
1480942756 -54 178
1480942765 -53 217
1480942765 -49 204
1480942768 -49 138
1480942772 -46 166
1480942773 -45 202
1480942779 -44 115
1480942784 -44 149
1480942785 -47 135
1480942786 -50 177
1480942794 -54 250
1480942801 -54 314
1480942807 -56 350
1480942813 -56 316
1480942815 -52 297
1480942815 -55 255
1480942821 -56 261
1480942822 -60 302
1480942827 -60 392
1480942831 -63 362
1480942837 -66 321
1480942846 -66 343
1480942852 -70 357
1480942854 -70 287
1480942854 -72 378
1480942855 -75 294
1480942856 -76 354
1480942863 -79 443
1480942864 -79 514
1480942867 -83 550
1480942870 -84 599
1480942875 -84 669
1480942884 -81 610
1480942887 -81 656
1480942892 -79 731
1480942899 -78 736
1480942904 -76 708
1480942909 -74 800
1480942913 -71 899
1480942920 -74 828
1480942923 -77 855
1480942928 -77 869
1480942935 -73 877
1480942943 -70 972
1480942947 -70 915
1480942948 -68 899
1480942955 -65 927
1480942956 -65 957
1480942959 -63 992
1480942961 -59 977
1480942964 -59 976
1480942964 -59 1015
1480942969 -57 996
1480942974 -55 982
1480942974 -52 1018
1480942977 -48 1094
1480942984 -47 1015
1480942990 -45 946
1480942998 -43 994
1480943002 -41 989
1480943011 -41 944
1480943011 -38 926
1480943013 -35 972
1480943016 -32 960
1480943017 -29 866
1480943026 -25 793
1480943031 -22 799
1480943037 -21 764
1480943037 -21 762
1480943045 -20 769
1480943050 -18 686
1480943052 -18 646
1480943056 -16 696
1480943058 -14 791
1480943060 -14 882
1480943060 -10 962
1480943068 -10 1012
1480943074 -7 1039
1480943075 -4 1083
1480943076 0 1168
1480943084 4 1107
1480943090 6 1061
1480943098 9 1034
1480943099 12 959
1480943105 12 959
1480943114 15 894
1480943123 18 951
1480943123 22 986
1480943132 22 992
1480943135 24 957
1480943143 24 868
1480943152 27 768
1480943156 31 734
1480943163 31 788
1480943168 34 744
1480943175 31 823
1480943179 27 777
1480943180 26 760
1480943189 26 696
1480943194 23 654
1480943196 20 714
1480943199 17 775
1480943203 13 795
1480943203 10 787
1480943209 10 759
1480943211 7 711
1480943215 5 623
1480943223 4 576
1480943227 4 532
1480943227 2 443
1480943227 1 448
1480943229 -3 428
1480943232 -3 519
1480943237 -5 530
1480943246 -5 497
1480943248 -5 507
1480943252 -9 434
1480943260 -13 414
1480943264 -13 414
1480943264 -13 363
1480943267 -15 303
1480943267 -15 240
1480943267 -18 179
1480943270 -19 241
1480943275 -19 155
1480943277 -23 204
1480943281 -24 202
1480943284 -28 122
1480943288 -28 67
1480943294 -30 130
1480943300 -31 60
1480943306 -32 72
1480943311 -36 38
1480943316 -38 0
1480943325 -34 59
1480943328 -31 0
1480943331 -29 37
1480943334 -28 0
1480943339 -28 26
1480943340 -29 29
1480943346 -33 63
1480943354 -36 39
1480943355 -33 51
1480943364 -30 32
1480943372 -26 28
1480943381 -23 102
1480943386 -20 181
1480943390 -19 266
1480943395 -17 343
1480943396 -17 298
1480943400 -20 268
1480943401 -21 181
1480943410 -23 202
1480943411 -26 289
1480943413 -27 360
1480943413 -30 301
1480943418 -33 395
1480943422 -33 376
1480943423 -35 301
1480943431 -38 273
1480943434 -42 358
1480943437 -42 404
1480943445 -41 325
1480943445 -45 299
1480943454 -47 277
1480943456 -49 368
1480943460 -45 449
1480943468 -45 535
1480943469 -44 535
1480943477 -43 628
1480943477 -43 553
1480943482 -43 630
1480943486 -42 609
1480943491 -39 702
1480943500 -37 604
1480943507 -33 506
1480943507 -33 572
1480943509 -32 651
1480943509 -30 671
1480943510 -27 643
1480943514 -24 632
1480943515 -23 573
1480943524 -23 615
1480943524 -23 580
1480943527 -22 629
1480943535 -23 543
1480943535 -22 447
1480943543 -22 462
1480943550 -23 542
1480943550 -21 617
1480943552 -18 585
1480943555 -18 586
1480943559 -17 602
1480943568 -16 540
1480943572 -15 582
1480943576 -11 587
1480943576 -10 653
1480943582 -10 717
1480943586 -6 797
1480943592 -2 716
1480943593 1 690
1480943594 2 761
1480943597 5 748
1480943606 7 653
1480943606 10 720
1480943608 14 698
1480943615 18 788
1480943620 19 860
1480943629 21 811
1480943630 24 764
1480943630 28 760
1480943637 28 835
1480943645 31 913
1480943651 31 965
1480943654 31 875
1480943654 35 830
1480943655 34 781
1480943658 31 733
1480943663 31 662
1480943671 30 676
1480943672 26 754
1480943672 25 848
1480943677 24 762
1480943682 22 666
1480943689 21 672
1480943698 18 682
1480943704 14 655
1480943712 10 669
1480943714 6 613
1480943718 6 660
1480943726 3 603
1480943733 0 557
1480943736 0 465
1480943745 0 500
1480943749 4 498
1480943751 5 462
1480943756 7 472
1480943756 9 552
1480943760 9 648
1480943768 5 559
1480943776 1 641
1480943777 -2 641
1480943785 -3 739
1480943791 -4 739
1480943794 -6 799
1480943798 -7 742
1480943806 -8 742
1480943806 -10 730
1480943806 -13 640
1480943815 -15 684
1480943815 -15 644
1480943819 -18 578
1480943826 -19 488
1480943831 -21 496
1480943836 -24 528
1480943843 -26 569
1480943843 -26 513
1480943846 -26 529
1480943849 -29 604
1480943852 -31 568
1480943861 -35 599
1480943870 -39 518
1480943873 -40 506
1480943879 -43 598
1480943885 -43 518
1480943886 -46 440
1480943888 -46 402
1480943894 -46 457
1480943899 -49 437
1480943901 -52 419
1480943907 -54 347
1480943916 -56 396
1480943916 -58 441
1480943924 -61 411
1480943925 -59 432
1480943926 -56 493
1480943930 -54 426
1480943938 -51 365
1480943943 -51 434
1480943948 -49 417
1480943957 -49 392
1480943957 -45 451
1480943966 -45 520
1480943973 -45 534
1480943980 -44 490
1480943980 -44 469
1480943981 -43 397
1480943986 -39 341
1480943992 -37 435
1480943997 -33 342
1480943997 -29 339
1480944005 -25 388
1480944014 -25 469
1480944022 -23 450
1480944025 -23 393
1480944034 -23 483
1480944035 -19 424
1480944044 -18 486
1480944047 -16 495
1480944047 -12 509
1480944054 -12 419
1480944060 -12 345
1480944065 -16 356
1480944073 -19 420
1480944073 -22 326
1480944078 -24 384
1480944083 -24 466
1480944089 -26 429
1480944097 -28 369
1480944097 -30 456
1480944101 -31 390
1480944107 -34 299
1480944109 -34 222
1480944112 -38 320
1480944119 -39 316
1480944124 -40 342
1480944128 -41 360
1480944134 -45 410
1480944134 -49 328
1480944136 -53 295
1480944137 -53 349
1480944142 -54 376
1480944146 -57 315
1480944146 -61 335
1480944154 -62 286
1480944161 -64 213
1480944164 -67 303
1480944165 -63 232
1480944169 -62 191
1480944171 -61 279
1480944180 -63 215
1480944183 -66 222
1480944185 -68 255
1480944189 -70 227
1480944195 -67 167
1480944203 -67 111
1480944210 -67 53
1480944210 -66 122
1480944219 -66 157
1480944219 -62 143
1480944220 -61 204
1480944227 -57 193
1480944233 -53 276
1480944242 -53 244
1480944245 -52 285
1480944249 -51 188
1480944249 -50 116
1480944252 -49 102
1480944254 -47 179
1480944263 -44 252
1480944271 -40 191
1480944280 -39 172
1480944288 -35 97
1480944291 -31 164
1480944292 -27 139
1480944296 -27 41
1480944303 -26 0
1480944308 -25 0
1480944310 -22 83
1480944311 -18 84
1480944315 -20 76
1480944319 -21 16
1480944324 -25 0
1480944326 -25 0
1480944327 -26 10
1480944333 -29 26
1480944333 -29 58
1480944333 -32 111
1480944341 -34 159
1480944343 -34 111
1480944348 -38 116
1480944356 -38 82
1480944364 -40 160
1480944367 -41 235
1480944371 -43 156
1480944378 -44 170
1480944381 -45 127
1480944388 -49 104
1480944390 -47 113
1480944390 -48 47
1480944394 -50 0
1480944395 -50 71
1480944395 -50 26
1480944403 -51 78
1480944406 -51 109
1480944412 -53 78
1480944415 -55 146
1480944417 -59 103
1480944426 -60 89
1480944434 -63 77
1480944438 -63 92
1480944447 -64 4
1480944449 -65 0
1480944457 -66 90
1480944459 -70 186
1480944464 -73 136
1480944469 -76 154
1480944474 -76 88
1480944478 -80 141
1480944478 -84 62
1480944478 -87 158
1480944483 -91 241
1480944492 -93 292
1480944501 -95 320
1480944510 -91 259
1480944517 -90 266
1480944525 -93 268
1480944533 -96 345
1480944535 -100 358
1480944542 -100 325
1480944551 -100 402
1480944558 -103 419
1480944560 -107 480
1480944564 -110 393
1480944566 -110 422
1480944569 -112 514
1480944572 -114 535
1480944577 -116 621
1480944582 -116 719
1480944590 -118 757
1480944598 -121 807
1480944605 -124 857
1480944611 -124 907
1480944618 -125 927
1480944620 -125 927
1480944623 -129 1017
1480944631 -131 1004
1480944632 -133 919
1480944639 -137 826
1480944644 -140 742
1480944649 -141 659
1480944657 -144 564
1480944665 -146 579
1480944665 -150 483
1480944666 -154 477
1480944669 -156 555
1480944672 -156 522
1480944675 -153 582
1480944675 -154 571
1480944684 -157 640
1480944689 -158 607
1480944693 -162 620
1480944702 -166 695
1480944709 -168 761
1480944710 -168 761
1480944715 -171 671
1480944721 -175 658
1480944724 -179 564
1480944729 -180 568
1480944736 -180 495
1480944742 -182 565
1480944748 -184 596
1480944757 -187 509
1480944761 -187 574
1480944763 -190 534
1480944766 -191 584
1480944769 -193 510
1480944771 -195 537
1480944779 -198 505
1480944781 -198 413
1480944783 -201 381
1480944785 -205 393
1480944791 -205 438
1480944800 -206 526
1480944806 -210 517
1480944814 -212 471
1480944814 -214 474
1480944823 -218 480
1480944829 -221 554
1480944834 -223 555
1480944839 -227 559
1480944844 -231 615
1480944851 -233 531
1480944854 -234 596
1480944855 -230 560
1480944859 -228 578
1480944860 -224 663
1480944864 -221 619
1480944864 -221 553
1480944868 -219 532
1480944873 -215 545
1480944875 -215 609
1480944883 -213 520
1480944889 -213 439
1480944890 -210 492
1480944897 -210 569
1480944902 -209 663
1480944904 -209 640
1480944913 -208 599
1480944918 -206 555
1480944922 -203 636
1480944930 -205 637
1480944934 -207 617
1480944940 -207 678
1480944947 -211 764
1480944950 -212 760
1480944950 -214 709
1480944956 -215 654
1480944960 -215 647
1480944963 -214 562
1480944965 -214 527
1480944970 -214 526
1480944976 -214 547
1480944984 -211 499
1480944985 -211 455
1480944993 -208 504
1480944999 -207 502
1480945007 -205 442
1480945010 -202 372
1480945018 -198 328
1480945021 -197 377
1480945022 -196 346
1480945022 -192 332
1480945024 -190 291
1480945030 -186 351
1480945034 -182 296
1480945039 -180 337
1480945043 -180 383
1480945047 -180 467
1480945053 -177 435
1480945058 -173 341
1480945062 -173 268
1480945067 -173 256
1480945069 -169 274
1480945070 -167 203
1480945073 -164 111
1480945082 -160 18
1480945084 -160 91
1480945092 -156 44
1480945097 -154 38
1480945102 -152 96
1480945104 -149 59
1480945105 -145 19
1480945105 -144 0
1480945105 -140 49
1480945114 -137 0
1480945123 -133 0
1480945129 -132 89
1480945130 -130 149
1480945137 -128 228
1480945138 -126 280
1480945147 -125 262
1480945151 -125 298
1480945155 -127 302
1480945161 -129 296
1480945169 -130 213
1480945172 -130 184
1480945181 -133 233
1480945189 -133 179
1480945189 -135 129
1480945198 -135 59
1480945201 -139 150
1480945207 -142 116
1480945209 -146 159
1480945216 -149 151
1480945219 -150 89
1480945221 -151 34
1480945226 -151 55
1480945230 -151 0
1480945233 -151 0
1480945236 -147 7
1480945239 -144 18
1480945246 -140 99
1480945249 -137 176
1480945258 -135 96
1480945261 -135 159
1480945265 -131 118
1480945274 -127 114
1480945276 -123 125
1480945276 -121 41
1480945278 -121 84
1480945287 -120 27
1480945289 -117 0
1480945294 -114 47
1480945297 -110 44
1480945302 -107 0
1480945303 -105 0
1480945305 -108 81
1480945314 -109 138
1480945314 -112 54
1480945323 -113 0
1480945327 -115 65
1480945334 -117 0
1480945338 -121 68
1480945341 -125 146
1480945341 -125 99
1480945341 -128 79
1480945345 -128 139
1480945352 -132 150
1480945357 -134 77
1480945360 -137 0
1480945362 -139 52
1480945369 -143 0
1480945376 -143 0
1480945382 -143 0
1480945388 -144 0
1480945397 -145 0
1480945398 -147 23
1480945399 -151 22
1480945404 -152 0
1480945406 -152 0
1480945413 -154 40
1480945414 -154 101
1480945422 -158 187
1480945428 -160 106
1480945436 -163 106
1480945439 -167 129
1480945439 -167 159
1480945444 -171 65
1480945449 -175 123
1480945452 -176 176
1480945454 -176 228
1480945458 -177 297
1480945464 -178 381
1480945468 -180 397
1480945471 -183 394
1480945476 -184 320
1480945484 -187 309
1480945484 -191 302
1480945491 -195 256
1480945498 -199 251
1480945500 -196 276
1480945504 -193 224
1480945508 -192 274
1480945516 -190 193
1480945522 -189 180
1480945525 -186 180
1480945527 -184 224
1480945528 -180 169
1480945534 -177 268
1480945534 -177 308
1480945541 -175 354
1480945543 -173 410
1480945545 -174 442
1480945547 -175 506
1480945551 -177 478
1480945552 -180 534
1480945556 -180 524
1480945564 -181 580
1480945567 -183 490
1480945571 -187 550
1480945577 -188 515
1480945579 -188 587
1480945579 -190 642
1480945581 -192 740
1480945590 -191 705
1480945593 -187 715
1480945594 -184 670
1480945597 -183 711
1480945597 -182 776
1480945597 -180 857
1480945599 -176 889
1480945606 -173 836
1480945607 -169 863
1480945613 -166 932
1480945617 -162 929
1480945619 -159 875
1480945621 -158 845
1480945629 -158 808
1480945630 -158 780
1480945639 -156 726
1480945639 -152 801
1480945644 -150 762
1480945648 -147 769
1480945649 -145 714
1480945651 -142 759
1480945660 -142 689
1480945668 -142 597
1480945668 -142 515
1480945673 -139 535
1480945680 -143 607
1480945684 -145 546
1480945685 -147 527
1480945689 -150 553
1480945690 -150 583
1480945699 -154 622
1480945705 -158 643
1480945713 -162 731
1480945719 -166 674
1480945724 -170 658
1480945729 -174 681
1480945729 -174 676
1480945738 -177 660
1480945740 -174 698
1480945748 -173 733
1480945749 -173 677
1480945749 -170 692
1480945750 -169 786
1480945750 -166 789
1480945755 -169 699
1480945764 -169 785
1480945769 -171 811
1480945771 -172 772
1480945778 -175 773
1480945785 -171 826
1480945789 -171 891
1480945797 -169 875
1480945801 -166 817
1480945801 -166 862
1480945807 -163 877
1480945813 -159 850
1480945817 -155 940
1480945817 -153 947
1480945820 -152 854
1480945825 -152 820
1480945833 -148 838
1480945838 -144 888
1480945839 -141 824
1480945843 -140 887
1480945844 -138 963
1480945853 -135 974
1480945855 -133 916
1480945859 -129 882
1480945862 -127 801
1480945863 -125 740
1480945870 -123 805
1480945878 -123 795
1480945886 -122 775
1480945890 -124 806
1480945898 -125 804
1480945904 -125 847
1480945913 -129 799
1480945915 -132 802
1480945915 -134 860
1480945915 -134 925
1480945916 -138 960
1480945923 -140 940
1480945932 -141 1028
1480945933 -141 1031
1480945938 -144 1100
1480945941 -146 1006
1480945950 -145 1041
1480945953 -142 1039
1480945960 -138 1046
1480945965 -139 963
1480945967 -141 910
1480945976 -142 924
1480945977 -144 946
1480945977 -148 849
1480945982 -152 772
1480945986 -156 832
1480945986 -156 809
1480945993 -160 876
1480945998 -161 874
1480946003 -164 863
1480946007 -164 895
1480946008 -166 890
1480946016 -169 908
1480946016 -169 840
1480946019 -169 813
1480946028 -170 900
1480946029 -171 823
1480946037 -174 755
1480946043 -175 725
1480946047 -178 720
1480946053 -180 740
1480946061 -184 729
1480946066 -188 807
1480946069 -192 785
1480946074 -192 779
1480946074 -193 824
1480946082 -195 763
1480946085 -194 772
1480946092 -190 679
1480946099 -190 619
1480946101 -189 697
1480946105 -188 616
1480946109 -186 546
1480946113 -184 475
1480946115 -187 451
1480946123 -190 393
1480946129 -193 485
1480946136 -194 435
1480946142 -197 471
1480946148 -199 567
1480946156 -200 492
1480946164 -201 545
1480946173 -203 522
1480946182 -204 537
1480946183 -204 487
1480946190 -200 542
1480946192 -198 461
1480946196 -194 528
1480946202 -192 461
1480946204 -192 446
1480946204 -188 518
1480946209 -186 583
1480946210 -184 637
1480946218 -183 702
1480946223 -181 734
1480946228 -179 832
1480946229 -178 792
1480946231 -176 753
1480946232 -173 764
1480946236 -173 680
1480946238 -173 702
1480946244 -170 657
1480946245 -166 646
1480946250 -170 696
1480946252 -170 721
1480946256 -170 710
1480946261 -173 695
1480946268 -175 652
1480946277 -179 607
1480946279 -182 674
1480946287 -184 611
1480946288 -187 706
1480946296 -191 800
1480946303 -192 716
1480946312 -192 687
1480946318 -194 700
1480946323 -196 747
1480946325 -192 741
1480946326 -192 716
1480946334 -190 635
1480946339 -187 601
1480946342 -186 691
1480946342 -182 697
1480946349 -179 767
1480946352 -175 812
1480946356 -174 829
1480946363 -171 813
1480946369 -170 724
1480946372 -166 630
1480946380 -163 664
1480946389 -160 678
1480946397 -157 743
1480946397 -153 689
1480946403 -150 683
1480946409 -149 746
1480946411 -147 777
1480946412 -143 812
1480946418 -140 875
1480946425 -139 847
1480946428 -135 769
1480946437 -134 697
1480946440 -130 723
1480946440 -126 640
1480946446 -124 635
1480946446 -120 663
1480946452 -117 598
1480946461 -116 580
1480946465 -114 495
1480946474 -113 428
1480946478 -111 435
1480946484 -108 400
1480946488 -106 369
1480946491 -102 282
1480946493 -101 338
1480946493 -98 305
1480946501 -97 297
1480946505 -98 345
1480946511 -100 318
1480946514 -102 342
1480946520 -99 255
1480946525 -98 277
1480946526 -97 341
1480946526 -96 401
1480946532 -93 402
1480946536 -93 487
1480946537 -89 465
1480946542 -89 374
1480946547 -86 291
1480946555 -85 207
1480946560 -83 138
1480946568 -79 170
1480946568 -79 218
1480946574 -76 179
1480946581 -72 216
1480946581 -69 138
1480946588 -68 236
1480946594 -67 284
1480946599 -64 242
1480946603 -60 181
1480946605 -56 109
1480946608 -52 142
1480946614 -52 212
1480946620 -49 170
1480946628 -47 232
1480946635 -44 322
1480946644 -44 335
1480946644 -43 306
1480946644 -39 371
1480946653 -36 290
1480946653 -35 300
1480946662 -34 299
1480946666 -32 260
1480946672 -28 272
1480946677 -24 231
1480946686 -23 240
1480946688 -21 235
1480946693 -19 333
1480946700 -22 310
1480946702 -24 263
1480946705 -26 304
1480946708 -29 376
1480946712 -33 308
1480946720 -34 324
1480946720 -37 414
1480946721 -39 505
1480946722 -43 498
1480946730 -41 446
1480946736 -37 397
1480946742 -34 362
1480946743 -31 391
1480946747 -28 316
1480946755 -26 300
1480946755 -24 382
1480946761 -20 307
1480946769 -19 287
1480946778 -15 371
1480946783 -13 379
1480946786 -13 346
1480946792 -10 328
1480946795 -9 248
1480946797 -9 243
1480946804 -5 198
1480946808 -1 210
1480946814 2 242
1480946818 3 267
1480946822 6 216
1480946822 6 219
1480946831 6 204
1480946839 7 178
1480946842 11 255
1480946847 14 188
1480946848 17 157
1480946854 19 222
1480946862 19 312
1480946864 20 346
1480946871 20 433
1480946879 23 480
1480946880 19 394
1480946889 15 381
1480946894 13 464
1480946896 10 395
1480946903 6 304
1480946911 6 357
1480946915 6 303
1480946921 3 315
1480946921 1 400
1480946928 0 348
1480946934 -4 362
1480946934 -7 360
1480946943 -10 296
1480946945 -13 247
1480946949 -13 282
1480946954 -17 229
1480946955 -17 276
1480946962 -16 248
1480946971 -14 343
1480946975 -13 359
1480946979 -13 301
1480946987 -11 357
1480946996 -9 443
1480947001 -5 502
1480947007 -5 414
1480947010 -4 375
1480947010 -2 451
1480947019 -1 450
1480947021 1 411
1480947028 5 416
1480947033 8 341
1480947040 12 428
1480947045 9 407
1480947049 9 391
1480947052 8 475
1480947057 4 517
1480947065 3 528
1480947071 3 565
1480947077 1 550
1480947086 0 589
1480947090 3 588
1480947099 4 568
1480947108 7 496
1480947116 9 479
1480947120 6 475
1480947121 6 377
1480947124 2 325
1480947129 2 311
1480947133 -1 246
1480947134 -4 238
1480947136 -8 213
1480947138 -9 141
1480947142 -9 148
1480947145 -9 49
1480947153 -9 68
1480947160 -12 0
1480947169 -13 31
1480947169 -16 0
1480947175 -16 72
1480947176 -17 144
1480947181 -21 210
1480947182 -24 194
1480947183 -28 255
1480947183 -30 232
1480947185 -33 151
1480947188 -33 223
1480947188 -37 153
1480947189 -38 207
1480947194 -40 291
1480947203 -41 348
1480947204 -42 261
1480947213 -46 164
1480947217 -47 72
1480947222 -48 0
1480947226 -48 0
1480947231 -49 0
1480947238 -52 77
1480947238 -52 122
1480947244 -54 200
1480947244 -57 266
1480947253 -61 215
1480947256 -61 219
1480947264 -65 181
1480947270 -63 111
1480947274 -60 22
1480947275 -56 101
1480947277 -53 8
1480947278 -53 87
1480947284 -52 95
1480947290 -49 161
1480947294 -46 138
1480947298 -43 46
1480947306 -42 140
1480947306 -39 238
1480947306 -35 235
1480947309 -35 148
1480947313 -31 166
1480947315 -31 110
1480947316 -35 105
1480947316 -37 14
1480947324 -39 56
1480947330 -36 0
1480947336 -35 18
1480947336 -32 91
1480947345 -32 23
1480947353 -33 56
1480947356 -33 73
1480947359 -35 88
1480947366 -36 59
1480947371 -39 74
1480947375 -38 0
1480947383 -34 0
1480947383 -34 0
1480947383 -33 0
1480947387 -31 0
1480947393 -29 0
1480947394 -27 0
1480947403 -27 45
1480947409 -24 73
1480947418 -21 0
1480947422 -17 0
1480947431 -15 0
1480947437 -11 19
1480947444 -7 0
1480947444 -7 0
1480947445 -5 0
1480947448 -2 5
1480947449 2 0
1480947457 4 56
1480947463 5 12
1480947470 6 92
1480947471 6 166
1480947476 9 116
1480947481 11 142
1480947485 11 219
1480947494 12 305
1480947498 14 291
1480947500 14 387
1480947505 17 420
1480947506 18 490
1480947513 18 563
1480947522 19 468
1480947527 23 451
1480947532 24 444
1480947535 24 487
1480947535 25 471
1480947543 28 544
1480947548 28 597
1480947551 28 570
1480947557 29 579
1480947565 29 493
1480947568 30 416
1480947576 31 405
1480947580 34 485
1480947587 35 462
1480947587 39 418
1480947593 41 497
1480947595 43 501
1480947600 43 455
1480947609 39 492
1480947617 35 401
1480947622 32 351
1480947630 35 389
1480947637 39 460
1480947646 40 539
1480947652 43 627
1480947654 45 663
1480947657 49 623
1480947664 50 681
1480947667 50 695
1480947669 51 693
1480947670 52 781
1480947673 53 870
1480947674 53 953
1480947678 57 918
1480947682 59 898
1480947686 61 960
1480947688 63 1048
1480947691 63 1108
1480947694 63 1110
1480947701 66 1183
1480947708 67 1174
1480947714 67 1153
1480947721 70 1127
1480947721 70 1187
1480947728 71 1102
1480947736 71 1096
1480947738 74 1172
1480947739 77 1190
1480947742 80 1264
1480947747 80 1196
1480947756 82 1149
1480947758 82 1089
1480947760 84 1168
1480947768 87 1212
1480947769 87 1227
1480947777 87 1159
1480947779 87 1091
1480947779 90 1118
1480947788 91 1093
1480947793 92 1183
1480947802 94 1158
1480947806 96 1223
1480947811 100 1126
1480947817 104 1149
1480947817 106 1239
1480947817 106 1225
1480947825 102 1153
1480947829 100 1154
1480947832 99 1071
1480947841 96 1001
1480947842 94 1016
1480947848 93 1078
1480947850 92 1029
1480947857 90 1041
1480947857 86 1096
1480947857 83 1093
1480947865 83 1075
1480947871 82 1116
1480947878 78 1153
1480947884 78 1105
1480947891 76 1019
1480947893 73 1099
1480947897 71 1143
1480947904 67 1174
1480947905 63 1217
1480947913 63 1210
1480947919 60 1173
1480947919 58 1214
1480947920 54 1217
1480947920 51 1140
1480947922 51 1237
1480947928 47 1285
1480947936 47 1225
1480947938 43 1155
1480947944 43 1246
1480947945 44 1309
1480947949 46 1393
1480947949 50 1374
1480947950 52 1429
1480947956 54 1457
1480947958 55 1387
1480947967 57 1463
1480947974 59 1491
1480947974 59 1528
1480947974 62 1448
1480947977 66 1431
1480947984 66 1451
1480947985 66 1372
1480947987 70 1295
1480947996 70 1210
1480948004 74 1111
1480948004 78 1206
1480948013 81 1235
1480948020 78 1331
1480948027 78 1310
1480948036 74 1235
1480948038 73 1311
1480948042 71 1357
1480948047 67 1439
1480948055 64 1374
1480948060 61 1353
1480948068 60 1366
1480948073 60 1455
1480948077 56 1397
1480948078 55 1305
1480948080 57 1282
1480948088 61 1347
1480948094 61 1399
1480948098 61 1322
1480948105 61 1355
1480948107 63 1267
1480948108 63 1312
1480948115 65 1217
1480948121 67 1293
1480948121 67 1286
1480948121 69 1368
1480948128 69 1340
1480948130 72 1377
1480948136 75 1277
1480948145 75 1259
1480948148 79 1159
1480948155 77 1164
1480948157 73 1162
1480948166 71 1169
1480948171 68 1246
1480948171 65 1285
1480948174 62 1357
1480948181 60 1259
1480948187 56 1184
1480948193 56 1211
1480948202 56 1302
1480948211 54 1251
1480948217 53 1316
1480948223 51 1394
1480948228 51 1327
1480948230 53 1365
1480948234 53 1388
1480948242 57 1289
1480948242 58 1216
1480948248 62 1188
1480948253 65 1111
1480948260 61 1053
1480948268 58 1029
1480948271 57 1009
1480948272 55 989
1480948278 54 962
1480948283 52 902
1480948291 52 857
1480948292 49 763
1480948300 48 708
1480948303 47 664
1480948309 44 601
1480948309 43 548
1480948317 43 632
1480948326 40 590
1480948327 38 536
1480948333 36 525
1480948340 34 534
1480948342 30 496
1480948342 26 569
1480948349 24 639
1480948352 24 734
1480948355 21 781
1480948355 20 775
1480948361 18 689
1480948367 14 730
1480948370 14 643
1480948372 10 601
1480948375 7 625
1480948383 4 563
1480948386 1 641
1480948389 -2 554
1480948390 -3 545
1480948390 -7 485
1480948394 -9 572
1480948402 -13 590
1480948404 -17 596
1480948411 -18 686
1480948416 -22 765
1480948417 -24 694
1480948419 -25 781
1480948419 -26 742
1480948422 -30 681
1480948429 -34 599
1480948436 -37 537
1480948442 -41 489
1480948447 -42 400
1480948448 -45 304
1480948451 -46 344
1480948453 -48 279
1480948457 -52 192
1480948460 -53 136
1480948464 -55 217
1480948468 -59 182
1480948472 -62 178
1480948474 -63 165
1480948480 -64 245
1480948489 -68 333
1480948494 -71 259
1480948500 -69 225
1480948501 -68 222
1480948505 -68 221
1480948505 -67 157
1480948506 -65 209
1480948513 -61 196
1480948518 -58 124
1480948520 -56 71
1480948522 -55 67
1480948524 -53 38
1480948533 -50 137
1480948540 -49 49
1480948544 -49 48
1480948549 -47 21
1480948552 -46 0
1480948559 -46 0
1480948563 -46 95
1480948566 -44 107
1480948566 -43 137
1480948574 -40 139
1480948574 -36 111
1480948583 -33 86
1480948586 -30 158
1480948591 -30 218
1480948599 -26 289
1480948607 -25 260
1480948612 -22 268
1480948614 -19 185
1480948618 -16 263
1480948622 -13 246
1480948631 -10 154
1480948634 -6 175
1480948643 -6 196
1480948644 -6 155
1480948645 -3 73
1480948649 0 0
1480948656 0 59
1480948661 2 16
1480948663 5 63
1480948663 5 41
1480948667 9 0
1480948671 11 0
1480948678 14 43
1480948679 14 138
1480948679 17 181
1480948679 20 144
1480948685 22 113
1480948693 25 71
1480948700 27 163
1480948707 27 215
1480948712 31 308
1480948715 31 395
1480948718 33 306
1480948724 36 394
1480948727 36 420
1480948733 36 421
1480948733 40 505
1480948734 42 487
1480948743 43 551
1480948746 46 612
1480948751 46 612
1480948751 50 709
1480948759 54 631
1480948760 57 578
1480948769 58 611
1480948776 61 559
1480948785 61 611
1480948788 60 667
1480948795 58 637
1480948798 57 625
1480948803 54 671
1480948810 50 678
1480948817 46 719
1480948826 46 763
1480948832 45 774
1480948833 42 810
1480948835 38 841
1480948839 34 810
1480948842 33 718
1480948845 35 807
1480948848 39 727
1480948857 40 816
1480948865 43 856
1480948865 47 888
1480948869 50 941
1480948874 54 874
1480948877 55 897
1480948883 58 954
1480948890 57 1025
1480948896 56 1005
1480948903 55 999
1480948910 52 916
1480948918 51 864
1480948926 50 771
1480948926 49 766
1480948931 46 863
1480948932 44 771
1480948938 41 857
1480948943 38 796
1480948949 34 733
1480948957 33 702
1480948959 32 634
1480948961 28 719
1480948961 28 786
1480948970 28 711
1480948977 25 729
1480948981 21 716
1480948985 21 679
1480948988 21 645
1480948990 17 602
1480948992 13 527
1480948995 15 618
1480949002 16 614
1480949004 17 545
1480949013 19 573
1480949017 20 566
1480949022 20 625
1480949026 22 574
1480949035 22 651
1480949042 26 664
1480949046 27 701
1480949046 31 697
1480949047 34 604
1480949056 35 574
1480949058 37 519
1480949061 41 445
1480949067 45 509
1480949073 45 475
1480949080 45 446
1480949086 49 516
1480949087 53 418
1480949096 57 456
1480949103 59 368
1480949110 61 276
1480949117 62 373
1480949121 66 374
1480949122 69 464
1480949127 70 372
1480949128 70 337
1480949132 72 416
1480949136 75 324
1480949144 79 353
1480949151 83 387
1480949152 84 453
1480949153 84 417
1480949161 84 323
1480949161 85 307
1480949163 88 217
1480949165 89 302
1480949172 89 341
1480949181 90 426
1480949190 90 337
1480949199 86 352
1480949204 86 308
1480949207 83 265
1480949214 82 327
1480949217 79 377
1480949224 76 310
1480949233 76 239
1480949240 73 300
1480949246 69 247
1480949249 66 189
1480949254 62 277
1480949254 58 322
1480949263 56 295
1480949271 56 317
1480949273 56 409
1480949275 53 384
1480949282 49 415
1480949290 46 491
1480949299 46 581
1480949305 46 614
1480949306 46 602
1480949315 43 641
1480949322 39 643
1480949322 37 687
1480949326 36 706
1480949333 33 670
1480949335 33 759
1480949338 30 841
1480949339 26 925
1480949340 28 957
1480949345 31 941
1480949350 31 950
1480949356 33 913
1480949364 37 920
1480949368 41 823
1480949372 42 776
1480949380 42 766
1480949389 43 761
1480949393 45 690
1480949393 49 682
1480949395 50 659
1480949402 53 581
1480949410 57 657
1480949414 57 618
1480949415 53 620
1480949422 50 660
1480949424 46 610
1480949427 46 626
1480949435 42 640
1480949435 40 725
1480949437 36 736
1480949446 33 720
1480949450 29 815
1480949452 26 910
1480949457 22 942
1480949464 19 862
1480949471 18 943
1480949471 14 895
1480949477 10 913
1480949479 6 978
1480949486 3 955
1480949486 3 992
1480949492 -1 948
1480949496 -4 897
1480949505 0 973
1480949506 3 912
1480949510 4 1009
1480949517 5 1097
1480949526 9 1057
1480949526 13 1046
1480949531 16 1019
1480949535 12 1007
1480949537 10 1016
1480949537 9 980
1480949537 6 943
1480949545 5 955
1480949554 3 1005
1480949561 3 933
1480949568 2 847
1480949575 1 770
1480949582 -3 814
1480949584 -6 849
1480949586 -8 781
1480949589 -8 865
1480949596 -10 854
1480949599 -10 929
1480949604 -14 997
1480949611 -17 945
1480949616 -18 1016
1480949625 -18 1069
1480949630 -14 983
1480949639 -13 962
1480949643 -13 901
1480949651 -10 950
1480949655 -13 861
1480949658 -14 762
1480949659 -17 724
1480949668 -17 817
1480949677 -19 898
1480949677 -22 884
1480949682 -22 935
1480949691 -26 1034
1480949692 -26 1054
1480949692 -27 1079
1480949701 -27 1059
1480949701 -28 1007
1480949704 -30 1048
1480949711 -33 961
1480949711 -35 953
1480949712 -39 894
1480949712 -41 980
1480949713 -44 953
1480949715 -40 888
1480949719 -36 894
1480949719 -33 968
1480949721 -33 995
1480949722 -33 1084
1480949726 -30 1016
1480949726 -30 972
1480949728 -26 904
1480949733 -22 918
1480949735 -20 886
1480949742 -16 958
1480949746 -12 877
1480949749 -11 829
1480949756 -8 869
1480949760 -9 899
1480949765 -10 989
1480949774 -13 1002
1480949781 -13 1029
1480949790 -12 952
1480949796 -12 852
1480949800 -8 761
1480949808 -5 784
1480949815 -2 855
1480949817 -2 885
1480949819 -1 936
1480949823 0 965
1480949830 2 942
1480949832 6 882
1480949833 10 840
1480949837 10 810
1480949843 11 811
1480949848 12 897
1480949849 16 982
1480949851 19 904
1480949855 21 878
1480949863 24 810
1480949872 24 840
1480949881 26 866
1480949890 29 916
1480949899 33 988
1480949900 33 948
1480949902 34 1035
1480949910 30 1058
1480949915 27 1031
1480949923 24 956
1480949925 27 869
1480949931 29 950
1480949939 30 938
1480949944 32 957
1480949951 33 1000
1480949953 37 1014
1480949955 36 1106
1480949956 34 1059
1480949962 32 1075
1480949971 32 991
1480949977 28 947
1480949977 27 861
1480949978 26 783
1480949979 25 853
1480949979 24 771
1480949985 27 709
1480949987 29 690
1480949993 30 773
1480950002 32 706
1480950009 36 754
1480950015 36 714
1480950017 34 662
1480950023 31 756
1480950032 29 834
1480950033 25 883
1480950042 25 815
1480950049 23 906
1480950058 20 868
1480950062 16 840
1480950069 12 881
1480950077 12 979
1480950085 10 985
1480950091 9 1081
1480950093 7 1139
1480950093 4 1102
1480950102 0 1007
1480950105 4 1007
1480950110 4 997
1480950117 8 927
1480950118 12 966
1480950122 14 1052
1480950125 14 1027
1480950126 17 948
1480950135 17 1046
1480950135 18 1074
1480950140 18 1052
1480950142 22 1141
1480950144 23 1080
1480950147 23 1143
1480950152 25 1190
1480950158 26 1181
1480950162 27 1232
1480950171 31 1163
1480950172 32 1085
1480950173 33 1038
1480950175 36 963
1480950177 36 1034
1480950178 36 968
1480950178 39 993
1480950183 39 960
1480950188 42 965
1480950194 44 904
1480950202 45 929
1480950211 49 990
1480950214 50 899
1480950222 50 931
1480950226 52 871
1480950233 55 851
1480950235 55 846
1480950242 55 813
1480950248 55 848
1480950251 57 937
1480950253 59 837
1480950253 62 832
1480950254 66 755
1480950255 64 768
1480950260 63 863
1480950265 62 773
1480950270 65 718
1480950272 67 633
1480950281 67 706
1480950285 64 663
1480950290 61 734
1480950296 58 828
1480950299 54 781
1480950307 52 834
1480950308 49 900
1480950316 49 817
1480950316 46 809
1480950321 46 873
1480950323 46 777
1480950328 45 747
1480950330 47 695
1480950333 47 763
1480950333 47 702
1480950338 50 674
1480950346 51 676
1480950351 55 593
1480950355 56 543
1480950362 57 539
1480950363 60 612
1480950371 61 528
1480950379 61 443
1480950387 65 465
1480950393 66 397
1480950400 69 417
1480950409 71 368
1480950412 75 440
1480950413 78 433
1480950414 78 344
1480950423 82 386
1480950427 84 344
1480950430 86 412
1480950438 88 356
1480950441 88 288
1480950446 90 374
1480950452 92 284
1480950461 92 303
1480950465 89 285
1480950474 87 330
1480950475 84 301
1480950478 81 266
1480950481 78 363
1480950482 75 434
1480950490 74 385
1480950490 72 313
1480950498 72 340
1480950506 71 290
1480950513 71 203
1480950515 71 275
1480950524 68 246
1480950524 67 332
